x0p = [0.9826851666094747 0.9826851666094747 0.9826851666094747 1.0 1.0 1.0 1.0 1.0 ];
x0n = [0.34968849825023596 0.1860495688398118 0.23647193532317617 0.23647193532317617 0.2653706239494967 0.26500405850044967 0.26500405850044967 0.34968849825023596 0.16486178173576038 0.23647193532317617 0.23647193532317617 0.25008921170099496 0.23647193532317617 0.2242609968576388 0.1860495688398118 0.17085113516701408 0.1780755140816708 0.1780755140816708 0.18586931582996194 0.18586931582996194 0.18586931582996194 0.24790440452942988 0.24790440452942988 0.1780755140816708 0.8128372959350391 0.35057052661300847 0.3243855277200691 0.30184031176649057 0.24790440452942988 0.24790440452942988 0.1780755140816708 0.8128372959350391 0.3243855277200691 0.35057052661300847 0.3243855277200691 0.2794460362151082 0.25008921170099496 0.18586931582996194 0.35057052661300847 0.3243855277200691 0.8128372959350391 0.6846890431714244 0.2794460362151082 0.23647193532317617 0.18586931582996194 0.3243855277200691 0.35057052661300847 0.8128372959350391 0.8128372959350391 0.2794460362151082 0.2242609968576388 0.18586931582996194 0.30184031176649057 0.3243855277200691 0.6846890431714244 0.8128372959350391 ];
