x0p = [1.0 0.989088050708546 0.9568736052140446 1.0 0.9568736052140446 1.0 0.9173131942561866 0.989088050708546 0.9784116721558149 1.0 ];
x0n = [0.8128372959350391 0.8128372959350391 0.8056129679486118 0.7841116305459241 0.7841116305459241 0.8056129679486118 0.41603988127942526 0.3796688497012711 0.41603988127942526 0.4179582640464414 ];
