hold off;
x0p = [0.17121407845150158 1.0 0.14755110747303132 0.16486178173576038 0.6846890431714244 0.12288010637681218 0.1532284258661858 0.12645813694537056 0.16457892250464454 1.0 1.0 1.0 1.0 1.0 ];
x0n = [0.20283843335762994 0.12280145048993751 0.1261255875748707 0.15261893958710657 0.10765066453412829 0.1262916433444244 ];
x1p = [0.7926860345331125 0.9599692731042756 0.9948145282085646 0.9599692731042756 1.0 0.6750521542326432 0.6726851701469027 1.0 0.9599692731042756 0.4180643851693907 0.9745994954423113 0.9846032633132326 0.979575839557769 0.979575839557769 ];
x1n = [0.14777842328956375 0.12989801958296687 0.1478923440507242 0.14259672564543893 0.12645813694537056 0.1710614140823443 ];
x2p = [1.0 1.0 1.0 1.0 1.0 1.0 1.0 1.0 1.0 1.0 1.0 1.0 1.0 1.0 ];
x2n = [0.5 0.5 0.3333333333333333 0.3333333333333333 0.5 1.0 ];
x3p = [0.464836826413178 0.464836826413178 0.464836826413178 0.464836826413178 0.1860495688398118 0.464836826413178 0.464836826413178 0.1860495688398118 0.1860495688398118 0.11319898056252306 0.11319898056252306 0.11319898056252306 0.11319898056252306 0.11319898056252306 ];
x3n = [0.2504156511105587 0.11319898056252306 0.2504156511105587 0.11319898056252306 0.2504156511105587 0.11319898056252306 ];
w0 = 1.4706033360631094;
w1 = 2.895022782067122;
w2 = 0.5163899924314155;
w3 = 1.5524791193371015;
