hold off;
x0p = [0.17121407845150158 1.0 0.14755110747303132 0.16486178173576038 0.6846890431714244 0.12288010637681218 0.1532284258661858 0.12645813694537056 0.16457892250464454 ];
x0n = [0.20283843335762994 ];
x1p = [0.7926860345331125 0.9599692731042756 0.9948145282085646 0.9599692731042756 1.0 0.6750521542326432 0.6726851701469027 1.0 0.9599692731042756 ];
x1n = [0.14777842328956375 ];
x2p = [1.0 1.0 1.0 1.0 1.0 1.0 1.0 1.0 1.0 ];
x2n = [0.5 ];
x3p = [0.464836826413178 0.464836826413178 0.464836826413178 0.464836826413178 0.1860495688398118 0.464836826413178 0.464836826413178 0.1860495688398118 0.1860495688398118 ];
x3n = [0.2504156511105587 ];
w0 = -0.1728677920300815;
w1 = 1.8290557679631525;
w2 = 1.7422673445463066;
w3 = 0.7471580234179851;
